--- ENV SUMMARY ---
OS: Microsoft Windows NT 10.0.26100.0
PowerShell: 5.1.26100.7019
CPU: 11th Gen Intel(R) Core(TM) i7-1165G7 @ 2.80GHz
RAM(GB): 15.73
